# Regions FREE_TO_PLAY
37, 48
44, 49
44, 50
44, 51
45, 49
45, 50
46, 48
46, 49
46, 50
46, 51
46, 52
46, 53
46, 54
46, 55
46, 56
46, 57
46, 58
46, 59
46, 60
47, 47
47, 48
47, 49
47, 50
47, 51
47, 52
47, 53
47, 54
47, 55
47, 56
47, 57
47, 58
47, 59
48, 47
48, 48
48, 49
48, 50
48, 51
48, 52
48, 53
48, 54
48, 55
48, 56
48, 57
48, 58
48, 59
48, 60
49, 48
49, 49
49, 50
49, 51
49, 52
49, 53
49, 54
49, 55
49, 56
49, 57
49, 58
50, 49
50, 50
50, 51
50, 52
50, 53
50, 54
50, 55
50, 56
50, 57
50, 58
51, 49
51, 50
51, 51
51, 55
51, 56
51, 57
51, 58
51, 59
51, 60
52, 50
52, 55
52, 56
52, 57
52, 58
52, 59

# Chunk IDs FREE_TO_PLAY
625455 625463 625471 625438 625446 625454 625462 625470 625437 625453
625461 625469 625452 625460 625468 625459 625467 625466 625507 625506
625514 625522 625489 625497 625505 625513 625521 625504 625512 625520
625669 625668 625667 625675 625666 625674 625665 625673 641799 641807
641815 641823 641831 641798 641806 641814 641822 641830 641838 641846
641854 641797 641805 641813 641821 641829 641837 641845 641853 641796
641804 641812 641820 641828 641836 641844 641852 641795 641803 641811
641819 641827 641835 641843 641851 641794 641802 641810 641818 641826
641834 658182 658190 658198 658206 658214 658181 658189 658197 658205
658213 658221 658180 658188 658196 658204 658212 658220 658179 658187
658195 658211 658186 658194 740583 740591 740607 740550 740558 740566
740574 740582 740590 740598 740606 740549 740557 740565 740573 740581
740589 740597 740605 740548 740556 740564 740572 740580 740588 740596
740604 740547 740555 740563 740571 740579 740587 740595 740603 740546
740554 740562 740570 740578 740586 740594 740602 740545 740553 740561
740569 740577 740585 740593 740601 740544 740552 740560 740568 740576
740584 740592 740600 740671 740670 740669 740668 740667 740666 740665
740664 740735 740791 740799 740798 740797 740796 740795 740794 773895
773903 773911 773919 773927 773935 773943 773951 773894 773902 773910
773918 773926 773934 773942 773950 773893 773901 773909 773917 773925
773933 773941 773949 773892 773900 773908 773916 773924 773932 773940
773948 773891 773899 773907 773915 773923 773931 773939 773947 773890
773898 773906 773914 773922 773930 773938 773905 773913 773921 773929
773937 773945 773904 773912 773920 773928 773936 773944 806599 806607
806615 806623 806631 806598 806606 806614 806622 806630 806597 806605
806613 806621 806629 806596 806604 806612 806620 806628 806595 806603
806611 806619 806627 806594 806602 806610 806618 806626 806634 806642
806650 806593 806601 806609 806617 806625 806633 806641 806649 806592
806600 806608 806616 806624 806632 806640 806648 806663 806671 806679
806687 806695 806703 806711 806719 806662 806670 806678 806686 806694
806702 806710 806718 806661 806669 806677 806685 806693 806701 806709
806717 806660 806668 806676 806684 806692 806700 806708 806716 806659
806667 806675 806683 806691 806699 806707 806715 806658 806666 806674
806682 806690 806698 806706 806714 806657 806665 806673 806681 806689
806656 806664 806672 806680 806688 823015 823023 823031 823039 823014
823022 823030 823038 823013 823021 823029 823037 823004 823012 823020
823028 823036 822979 822987 822995 823003 823011 823019 823027 823035
822978 822986 822994 823002 823010 823018 823026 823034 822977 822985
822993 823001 823009 823017 823025 823033 822976 822984 822992 823000
823008 823016 823024 823032 823047 823055 823063 823071 823079 823087
823095 823103 823046 823054 823062 823070 823078 823086 823094 823102
823045 823053 823061 823069 823077 823085 823093 823101 823044 823052
823060 823068 823076 823084 823092 823100 823043 823051 823059 823067
823075 823083 823091 823099 823042 823050 823058 823066 823074 823082
823090 823098 823057 823065 823073 823081 823089 823097 823072 823080
823088 823096 838687 838695 838703 838686 838694 838702 838693 838701
838919 838927 838935 838943 838918 838926 838934 838942 838950 838917
838925 838933 838941 838949 838916 838924 838932 838940 838948 838915
838923 838931 838939 838947 838955 838914 838922 838930 838938 838946
838954 838913 838921 838929 838937 838945 838953 838912 838920 838928
838936 838944 838952 838983 838991 838999 839007 838982 838990 838998
839006 838981 838989 838997 839005 838980 838988 838996 839004 838979
838987 838995 839003 838978 838986 838994 839002 838977 838985 838993
839001 838976 838984 838992 839000 839047 839055 839063 839071 839079
839087 839095 839103 839046 839054 839062 839070 839078 839086 839094
839102 839045 839053 839061 839069 839077 839085 839093 839101 839044
839052 839060 839068 839076 839084 839092 839100 839043 839051 839059
839067 839075 839083 839042 839050 839058 839066 839074 839082 839041
839049 839057 839065 839073 839081 839089 839040 839048 839056 839064
839072 839080 855111 855119 855127 855135 855143 855151 855159 855167
855110 855118 855126 855134 855142 855150 855158 855166 855109 855117
855125 855133 855141 855149 855157 855165 855108 855116 855124 855132
855140 855148 855156 855164 855107 855115 855123 855131 855139 855147
855155 855163 855106 855138 855146 855154 855162 855145 855153 855161
855239 855238 855237 855236 855235 855259 855267 855275 855283 855234
855250 855258 855266 855274 855282 855290 855233 855241 855249 855257
855265 855273 855281 855289 855232 855240 855248 855256 855264 855272
855280 855288 855839 855847 855855 855863 855871 855814 855822 855830
855838 855846 855854 855862 855870 855813 855821 855829 855837 855845
855853 855861 855869 855812 855820 855828 855836 855844 855852 855860
855868 855811 855819 855827 855835 855843 855851 855859 855867 855810
855818 855826 855834 855842 855850 855858 855866 855809 855817 855825
855833 855841 855849 855857 855865 855808 855816 855824 855832 855840
855848 855856 855864 871495 871494 871502 871510 871518 871493 871501
871509 871517 871492 871500 871508 871516 871499 871559 871558 871566
871557 871565 871556 871564 871555 871563 871554 871562 871553 871552
871560 871616
