# Regions FRUIT_AREA
27, 55
36, 55
38, 53
39, 49
39, 50
39, 51
40, 46
40, 48
40, 49
40, 50
41, 52
41, 54
44, 46
44, 47
44, 54
45, 54
46, 50
46, 52
46, 53
46, 54
46, 55
46, 56
46, 57
46, 58
46, 60
47, 51
47, 52
47, 53
47, 54
47, 55
47, 56
47, 57
47, 58
47, 59
47, 60
48, 51
48, 52
48, 53
48, 54
48, 55
48, 56
48, 57
48, 58
48, 59
48, 60
49, 45
49, 50
49, 51
49, 52
49, 53
49, 54
49, 55
49, 56
49, 57
49, 58
49, 59
49, 61
50, 44
50, 45
50, 46
50, 47
50, 50
50, 51
50, 52
50, 53
50, 54
50, 55
50, 57
50, 58
50, 60
50, 61
51, 45
51, 46
51, 47
51, 50
51, 51
51, 52
51, 53
51, 54
51, 55
51, 56
51, 57
51, 58
51, 59
52, 45
53, 45
53, 46
53, 47
53, 48

# Chunk IDs FRUIT_AREA
298493 298492 298491 298622 298621 298620 298619 298618 298687 298686
298685 298684 298675 298683 298674 298682 298744 314767 314775 314783
314791 314799 314807 314782 314790 314798 314806 314814 314781 314789
314797 314805 314813 314788 314796 314804 314812 314779 314787 314795
314803 314811 314770 314778 314786 314794 314802 314810 314801 314838
314854 314862 314837 314845 314853 314861 314877 314844 314852 314860
314868 314876 314819 314851 314859 314867 314875 314818 314826 314834
314842 314850 314817 314825 314833 314841 314849 314824 314832 314840
314848 314856 314951 314959 314967 314975 314983 314991 314999 315007
314950 314958 314966 314974 314982 314990 314949 314981 314948 314980
314947 314955 314946 315015 315023 315031 315039 315047 315014 315030
315038 315046 315054 315062 315070 315013 315061 315069 315012 315068
315011 315067 315010 315066 315009 315065 315008 315016 315024 315032
315040 315048 315056 315064 315072 315080 315088 331167 331166 331165
331173 331148 331156 331164 331172 331180 331188 331196 331139 331147
331155 331163 331171 331179 331187 331195 331138 331146 331154 331162
331170 331178 331239 331247 331238 331246 331245 331253 331261 331228
331236 331244 331252 331260 331235 331259 331226 331234 331258 331225
331224 331285 331284 331292 331291 331299 331298 331306 331305 331304
331335 331343 331351 331359 331391 331342 331390 331341 331381 331389
331372 331380 331363 331371 331370 331369 331368 331376 331439 331398
331406 331414 331422 331430 331438 331397 331405 331413 331421 331429
331437 331396 331404 331436 331444 331452 331395 331403 331451 331394
331402 331450 331393 331401 331441 331449 331392 331400 331408 331416
331424 331432 331440 331448 347524 347532 347523 347531 347607 347615
347623 347614 347622 347597 347605 347613 347621 347612 347620 347595
347619 347586 347594 347602 347610 347618 347634 347642 347609 347617
347641 347608 347616 347670 347678 347669 347677 347656 347664 347672
347680 347719 347727 347735 347743 347751 347759 347767 347775 347718
347726 347734 347742 347750 347758 347741 347757 347756 347764 347755
347763 347771 347770 347780 347779 347801 347809 347817 347825 347833
347784 347792 347800 347808 347816 347832 363991 363999 363990 363998
363989 363988 363987 363986 363994 364002 364010 364018 363969 363977
363985 364017 364025 364024 364095 364094 364068 364043 364051 364059
364067 364075 364083 364091 364066 364074 364111 364119 364127 364135
364159 364110 364118 364126 364134 364142 364158 364141 364157 364156
364098 364106 364114 364130 364113 364121 364129 364137 364145 364120
364128 364136 364144 364152 364199 364207 364223 364198 364222 364197
364205 364213 364221 364212 364220 364219 364218 364177 364185 364193
364217 364168 364176 364184 364192 364216 364239 364247 364255 364263
364238 364246 364254 364262 364237 364245 364253 364244 364252 364260
364284 364251 364259 364267 364275 364283 364250 364258 364266 364282
364249 364265 364281 364264 364272 364280 364325 364300 364308 364316
364324 364332 364307 364315 364323 364331 364306 364314 364322 364330
364305 364313 364321 364329 364304 364312 364320 380255 380263 380271
380279 380287 380254 380262 380270 380278 380286 380245 380253 380261
380269 380277 380285 380244 380252 380260 380268 380276 380284 380243
380251 380259 380267 380275 380283 380258 380266 380327 380302 380310
380318 380326 380334 380301 380309 380317 380325 380333 380341 380349
380308 380316 380324 380332 380340 380348 380299 380307 380315 380323
380331 380339 380347 380298 380306 380314 380322 380330 380338 380346
380297 380305 380313 380321 380329 380337 380345 380304 380312 380320
380328 380336 380344 380391 380390 380398 380406 380414 380389 380397
380405 380413 380364 380372 380380 380388 380396 380404 380412 380379
380387 380395 380403 380411 380378 380377 380352 380360 380368 380376
380384 380392 380400 380423 380431 380439 380447 380455 380463 380471
380479 380420 380428 380436 380444 380419 380443 380442 380441 380416
380424 380432 380440 380448 380495 380503 380511 380519 380494 380502
380510 380518 380526 380534 380517 380525 380533 380541 380559 380567
380550 380558 380566 380574 380590 380549 380565 380573 380589 380597
380605 380548 380564 380572 380580 380588 380596 380604 380547 380555
380563 380571 380579 380587 380595 380603 380594 380602 380631 380639
380647 380638 380646 380629 380637 380645 380669 380612 380620 380628
380636 380644 380652 380660 380668 380611 380667 380610 380618 380609
380617 380633 380641 380649 380665 380616 380624 380632 380640 380648
380664 380685 380676 380684 380692 380700 380699 380707 380698 380706
380673 380681 380689 380697 380705 380672 380680 380688 380696 396615
396623 396631 396639 396647 396655 396663 396671 396614 396622 396630
396638 396646 396654 396662 396670 396613 396621 396629 396637 396645
396653 396661 396669 396612 396620 396628 396636 396644 396652 396660
396668 396611 396619 396627 396635 396643 396651 396659 396667 396634
396658 396666 396679 396687 396695 396703 396678 396686 396694 396702
396710 396718 396726 396677 396685 396717 396725 396733 396676 396684
396716 396724 396732 396675 396683 396715 396723 396731 396674 396682
396673 396681 396689 396697 396705 396713 396672 396680 396688 396696
396704 396712 396720 396728 396759 396742 396750 396758 396766 396774
396741 396749 396757 396765 396773 396740 396748 396756 396764 396772
396739 396747 396755 396763 396771 396738 396746 396754 396762 396770
396753 396761 396769 396777 396752 396807 396815 396806 396814 396822
396830 396838 396846 396854 396821 396829 396837 396845 396853 396861
396820 396828 396836 396844 396852 396860 396803 396811 396819 396827
396835 396843 396851 396859 396802 396810 396818 396826 396801 396809
396817 396825 396816 396879 396887 396895 396903 396878 396886 396894
396902 396910 396869 396877 396885 396893 396901 396909 396876 396884
396892 396900 396908 396875 396883 396891 396899 396907 396874 396882
396890 396898 396906 396889 396897 396905 396935 396943 396951 396959
396967 396975 396934 396942 396950 396933 396941 396949 396989 396932
396940 396988 396931 396939 396979 396987 396930 396938 396978 396986
396937 396945 396977 396985 396936 396944 396976 396984 397055 397054
397052 396995 397003 397043 397051 397002 397018 397042 397050 396993
397001 397009 397017 397041 397049 396992 397000 397008 397016 397032
397040 397048 397103 397111 397078 397086 397094 397102 397110 397069
397077 397089 397105 397113 397080 397088 397096 397104 397112 397166
397174 397149 397157 397165 397173 397148 397147 397155 397171 397179
397146 397154 397162 397170 397178 397145 397153 397161 397169 397177
397144 397152 397160 397168 397176 412999 413007 413015 413023 413031
413039 412998 413006 413014 413022 413030 412997 413005 413013 413021
412996 413004 413012 412995 412994 413087 413095 413103 413111 413119
413070 413078 413086 413094 413102 413110 413118 413061 413069 413077
413085 413093 413101 413109 413117 413068 413076 413084 413092 413100
413108 413116 413075 413083 413091 413099 413107 413066 413074 413082
413090 413098 413106 413065 413073 413081 413089 413097 413056 413064
413072 413080 413088 413096 413167 413166 413140 413148 413139 413147
413155 413163 413171 413179 413146 413154 413162 413170 413178 413145
413153 413161 413169 413177 413144 413152 413160 413168 413176 413215
413214 413222 413230 413213 413221 413229 413237 413245 413188 413196
413204 413212 413220 413228 413236 413244 413187 413195 413203 413211
413219 413227 413235 413243 413194 413202 413210 413218 413226 413234
413242 413193 413201 413209 413217 413225 413233 413241 413216 413224
413232 413240 413255 413263 413271 413279 413287 413278 413277 413268
413276 413284 413292 413267 413275 413283 413291 413299 413307 413266
413274 413282 413290 413273 413272 413327 413335 413343 413351 413359
413367 413375 413318 413326 413334 413342 413350 413358 413366 413374
413317 413325 413333 413341 413349 413357 413373 413316 413324 413332
413340 413348 413356 413372 413315 413323 413331 413339 413347 413355
413363 413371 413314 413322 413330 413338 413346 413354 413370 413313
413321 413329 413337 413345 413312 413320 413328 413336 413344 413383
413391 413399 413407 413415 413423 413431 413439 413382 413414 413381
413413 413380 413418 413417 413425 413424 413432 413447 413455 413446
413454 413445 413453 413461 413469 413493 413501 413452 413460 413468
413476 413484 413492 413500 413475 413499 413474 413498 413441 413449
413457 413465 413473 413440 413448 413456 413464 413472 413480 413533
413541 413508 413532 413540 413507 413531 413506 413514 413530 413538
413546 413554 413562 413505 413513 413521 413529 413537 413545 413553
413561 413504 413512 413520 413528 413536 429447 429455 429463 429471
429479 429487 429495 429503 429446 429454 429462 429470 429478 429486
429494 429502 429445 429477 429485 429493 429501 429460 429468 429476
429484 429492 429500 429451 429459 429467 429475 429483 429491 429499
429442 429450 429458 429466 429474 429482 429490 429498 429449 429465
429473 429481 429489 429497 429472 429488 429496 429519 429543 429551
429559 429567 429518 429542 429550 429558 429566 429509 429517 429525
429557 429565 429508 429516 429524 429532 429540 429548 429556 429564
429507 429515 429523 429531 429539 429547 429555 429563 429506 429514
429522 429530 429538 429546 429554 429562 429505 429513 429521 429529
429537 429545 429553 429561 429504 429512 429520 429528 429536 429544
429552 429560 429607 429615 429623 429631 429598 429606 429573 429581
429589 429597 429605 429572 429580 429588 429596 429604 429571 429579
429587 429595 429603 429611 429627 429570 429578 429586 429594 429602
429610 429626 429569 429577 429585 429593 429601 429609 429625 429576
429624 429679 429678 429677 429676 429635 429643 429651 429659 429667
429675 429683 429691 429666 429674 429682 429690 429665 429673 429681
429689 429664 429672 429680 429688 429703 429727 429743 429702 429726
429742 429701 429709 429717 429725 429733 429741 429700 429708 429716
429724 429732 429740 429699 429707 429715 429723 429731 429739 429698
429706 429714 429722 429730 429738 429737 429736 429814 429822 429762
429770 429761 429769 429760 429768 429776 429784 429792 429800 429808
429816 429886 429829 429837 429845 429853 429861 429869 429877 429885
429836 429844 429852 429826 429834 429842 429850 429858 429866 429874
429882 429881 429925 429933 429892 429900 429924 429932 429891 429899
429907 429915 429923 429890 429898 429889 429897 445790 445798 445789
445797 445813 445780 445788 445796 445804 445812 445779 445787 445795
445803 445811 445778 445786 445794 445802 445810 445818 445809 445817
445831 445839 445847 445855 445863 445871 445879 445887 445830 445838
445846 445854 445862 445870 445878 445886 445829 445837 445845 445853
445861 445869 445877 445885 445828 445836 445844 445852 445860 445868
445876 445884 445827 445835 445843 445851 445859 445867 445875 445883
445826 445834 445842 445850 445858 445866 445874 445882 445825 445833
445841 445849 445857 445865 445873 445881 445824 445864 445872 445880
445959 445983 445991 445999 446007 446015 445982 445990 445998 446006
446014 445981 445989 445997 446005 446013 445956 445964 445972 445980
445988 445996 446004 446012 445955 445963 445971 445979 445987 445995
446003 446011 445954 445962 445970 445978 445986 445994 446002 446010
445953 445961 445969 445977 445985 445993 446001 446009 445952 445960
445968 445976 445984 445992 446000 446008 446047 446055 446063 446071
446079 446046 446054 446062 446070 446078 446045 446053 446061 446069
446077 446044 446052 446060 446068 446076 446019 446027 446035 446043
446051 446059 446067 446075 446018 446042 446050 446058 446066 446074
446017 446041 446049 446057 446065 446073 446016 446040 446048 446056
446064 446072 446103 446102 446110 446101 446109 446117 446100 446108
446116 446124 446140 446099 446130 446138 446128 446136 446151 446150
446162 446170 446178 446186 446194 446202 446161 446169 446177 446185
446193 446201 446144 446152 446160 446176 446184 446231 446239 446247
446255 446214 446222 446230 446238 446246 446254 446262 446270 446213
446212 446220 446228 446236 446227 446209 446217 446233 446241 446208
446216 462159 462167 462175 462183 462191 462199 462150 462158 462166
462182 462157 462165 462146 462145 462215 462223 462263 462271 462214
462222 462262 462270 462213 462221 462261 462269 462212 462220 462260
462268 462211 462219 462259 462267 462210 462218 462226 462234 462242
462250 462258 462266 462209 462217 462225 462233 462241 462249 462257
462265 462208 462216 462224 462232 462240 462248 462256 462279 462287
462295 462303 462311 462319 462327 462335 462278 462286 462294 462302
462310 462318 462326 462334 462277 462285 462293 462301 462309 462317
462325 462333 462276 462284 462292 462300 462308 462316 462324 462332
462275 462283 462291 462299 462307 462315 462323 462331 462274 462282
462290 462298 462306 462314 462322 462330 462273 462281 462289 462297
462305 462313 462321 462272 462280 462288 462296 462304 462312 462320
462328 462343 462383 462391 462342 462350 462382 462390 462341 462349
462381 462340 462348 462356 462380 462339 462347 462355 462379 462338
462346 462354 462378 462337 462345 462353 462369 462377 462336 462344
462352 462360 462368 462376 462384 462407 462402 462401 462400 462408
462471 462479 462487 462495 462503 462511 462478 462477 462468 462476
462484 462492 462500 462475 462466 462474 462473 462464 462472 462580
462563 462571 462579 462554 462562 462570 462578 462529 462537 462545
462553 462561 462569 462528 462536 462544 462552 462560 462568 462598
462606 462614 462622 462621 462629 462628 462627 462610 462618 462626
462609 462617 478599 478615 478598 478614 478622 478597 478605 478613
478621 478596 478604 478612 478595 478603 478611 478619 478594 478602
478610 478618 478593 478661 478669 478677 478660 478668 478676 478684
478659 478667 478675 478683 478658 478666 478656 528167 528142 528141
528149 528157 528165 528148 528156 528164 528180 528155 528163 528171
528179 528187 528154 528162 528170 528178 528186 528177 528185 528184
528254 528237 528245 528253 528236 528244 528252 528219 528227 528235
528243 528251 528218 528226 528234 528242 528250 528217 528225 528233
528241 528249 528224 528232 528240 528248 543743 543790 543798 543806
543789 543797 543788 543796 543787 543795 543794 543802 543785 543793
543801 543792 543800 544519 544518 544517 544525 544516 544524 544532
544515 544523 544531 544539 544547 544555 544563 544514 544522 544530
544538 544546 544554 544562 544513 544521 544529 544537 544545 544512
544520 544582 544581 544589 544597 544605 544613 544621 544580 544588
544596 544604 544612 544620 544628 544579 544578 544586 544577 544576
560071 560079 560087 560070 560078 560086 560094 560085 560093 560135
560143 560175 560183 560134 560166 560174 560165 560231 560255 560198
560206 560214 560230 560238 560197 560205 560213 560221 560229 560237
560245 560253 560196 560204 560228 560236 560252 560203 560251 560202
560210 560218 560193 560201 560209 560233 560241 560192 560200 560208
560232 560240 560248 560279 560287 560295 560270 560278 560286 560294
560277 560276 560284 560300 560275 560283 560291 560299 560266 560274
560282 560314 560281 560289 560313 560288 560312 560869 560852 560860
560868 560851 560859 576527 576535 576543 576567 576526 576566 576525
576565 576583 576639 576582 576590 576598 576614 576622 576630 576638
576581 576589 576597 576613 576629 576612 576628 576579 576603 576611
576627 576578 576586 576594 576602 576626 576577 576585 576593 576601
576625 576576 576584 576592 576600 576624 576642 576641 576640 576858
576866 576857 576865 576991 576999 577007 577015 577023 576998 577006
577014 577022 576997 577005 577013 577021 576996 577004 577012 577020
576995 577003 577011 577019 577002 577010 577018 577001 577009 577017
577008 577016 577086 577061 577069 577077 577085 577052 577060 577068
577076 577084 577051 577059 577067 577075 577083 577042 577050 577058
577066 577074 577082 577041 577049 577057 577065 577073 577081 577048
577056 577064 577072 577080 592855 592863 592871 592879 592887 592895
592854 592862 592870 592878 592886 592894 592861 592869 592877 592885
592893 592860 592868 592876 592884 592892 592859 592867 592875 592883
592891 592920 592928 592967 592966 592965 592981 592997 592964 592972
592980 592988 592996 593004 592979 592987 592995 593003 592978 593215
593214 593213 593212 593211 593271 593279 593270 593278 593269 593277
593268 593276 593267 593275 593266 593274 593265 593273 593264 593272
593287 593295 593303 593311 593319 593327 593335 593343 593286 593294
593302 593334 593342 593333 593341 593332 593340 593331 593339 593338
593337 593328 593336 593415 593423 593431 593439 593447 593455 593463
593414 593422 593430 593438 593446 593454 593462 593470 593413 593421
593429 593437 593445 593453 593461 593469 593412 593420 593428 593436
593444 593452 593460 593468 593411 593419 593427 593435 593443 593451
593459 593467 593410 593418 593426 593434 593442 593450 593458 593466
593409 593417 593425 593433 593441 593449 593457 593465 593408 593416
593424 593432 593440 593448 593456 593464 593478 593486 593494 593502
593510 593518 593526 593485 593493 593501 593509 593517 593525 593484
593492 593500 593508 593516 593524 593483 593491 593499 593507 593515
593523 593482 593490 593498 593506 593514 593481 593489 593497 593505
593513 593480 593488 593496 593504 593512 593615 593623 593631 593639
593647 593655 593663 593622 593630 593646 593654 593662 593613 593621
593629 593612 593620 593628 593636 593611 593619 593627 593635 593643
593651 593610 593618 593626 593650 593609 593617 593687 593695 593703
593711 593719 593670 593678 593686 593694 593702 593710 593718 593726
593669 593677 593685 593693 593701 593709 593717 593725 593708 593716
593724 593683 593699 593707 593715 593723 593674 593682 593690 593698
593706 593714 593722 593673 593681 593689 593705 593713 609279 609222
609230 609238 609246 609254 609262 609270 609278 609221 609229 609237
609245 609253 609261 609269 609277 609220 609228 609236 609244 609252
609260 609268 609276 609219 609227 609235 609243 609251 609259 609267
609275 609543 609551 609559 609567 609575 609583 609591 609599 609542
609550 609558 609566 609574 609582 609590 609598 609541 609549 609557
609565 609573 609581 609589 609597 609540 609548 609556 609564 609572
609580 609588 609596 609539 609555 609563 609571 609579 609587 609595
609554 609562 609570 609578 609586 609594 609553 609593 609552 609607
609623 609631 609639 609647 609655 609663 609606 609630 609638 609646
609654 609662 609605 609613 609629 609637 609645 609653 609661 609604
609612 609628 609636 609644 609652 609660 609603 609611 609635 609643
609651 609659 609602 609610 609642 609650 609658 609601 609609 609617
609625 609641 609649 609657 609600 609608 609616 609624 609632 609640
609648 609656 609687 609695 609703 609711 609719 609727 609678 609686
609694 609702 609710 609718 609726 609677 609685 609693 609701 609709
609717 609725 609676 609684 609692 609700 609708 609716 609724 609683
609691 609699 609707 609715 609723 609666 609682 609690 609698 609706
609714 609722 609665 609689 609697 609705 609713 609721 609664 609680
609688 609696 609704 609712 609720 609735 609743 609751 609759 609767
609734 609742 609750 609758 609733 609732 609740 609731 609739 609730
609768 609776 609784 609797 609805 609796 609804 609795 609803 609811
609794 609802 609810 609818 609793 609801 609809 609817 609825 609792
609800 609808 609816 609824 609991 609999 610039 609990 609998 610030
610038 610013 610021 610029 610037 610004 610012 610020 610028 610036
609987 609995 610003 610011 610019 610027 610035 609994 610002 610010
610018 610026 610034 609993 610009 610017 610025 610016 610055 610063
610071 610054 610062 610070 610078 610086 610094 610102 610053 610061
610069 610077 610085 610093 610101 610052 610051 610059 610067 610075
610083 610091 610099 610058 610066 610074 610082 610090 610098 610065
610073 610081 610089 610097 610088 610096 625463 625438 625446 625454
625462 625470 625461 625469 625460 625468 625467 625519 625527 625535
625525 625533 625524 625532 625531 625506 625514 625530 625505 625513
625512 625520 625591 625599 625590 625598 625589 625597 625588 625596
625595 625593 625584 625592 625607 625615 625623 625631 625639 625647
625655 625663 625606 625614 625622 625605 625613 625621 625629 625637
625604 625612 625620 625628 625636 625644 625603 625611 625619 625618
625626 625634 625625 625633 625641 625649 625640 625648 625656 625695
625703 625711 625719 625727 625710 625718 625726 625677 625685 625717
625725 625676 625684 625692 625700 625724 625667 625675 625683 625691
625699 625715 625723 625666 625674 625682 625690 625698 625714 625722
625665 625673 625681 625689 625697 625713 625721 625664 625672 625680
625688 625696 625704 625712 625720 625751 625759 625767 625775 625791
625758 625766 625774 625790 625757 625765 625789 625748 625756 625764
625780 625788 625747 625755 625763 625779 625787 625746 625754 625778
625786 625729 625737 625745 625753 625769 625777 625785 625728 625736
625752 625760 625768 625776 625784 625847 625855 625838 625846 625854
625829 625837 625845 625853 625796 625804 625836 625844 625852 625795
625803 625827 625835 625843 625851 625794 625802 625826 625834 625842
625850 625793 625801 625809 625817 625825 625833 625841 625849 625800
625808 625816 625824 625832 625840 625848 625895 625903 625911 625919
625870 625878 625886 625894 625902 625910 625918 625877 625885 625893
625901 625909 625917 625860 625868 625876 625884 625892 625900 625908
625916 625867 625875 625883 625891 625899 625907 625915 625874 625882
625890 625898 625906 625914 625873 625881 625889 625897 625905 625913
625880 625888 625896 625904 625912 625927 625935 625943 625951 625959
625967 625975 625983 625926 625934 625942 625950 625958 625966 625974
625982 625925 625933 625941 625949 625957 625965 625973 625981 625924
625932 625940 625948 625956 625964 625972 625980 625923 625931 625939
625947 625955 625963 625971 625979 625922 625930 625938 625946 625954
625962 625970 625978 625921 625929 625937 625945 625953 625961 625969
625977 625928 625936 625944 625952 625960 625968 625976 626055 626063
626071 626054 626062 626070 626078 626086 626094 626102 626053 626061
626069 626077 626085 626093 626101 626052 626060 626068 626076 626084
626092 626100 626051 626059 626067 626075 626083 626091 626099 626050
626058 626066 626074 626082 626049 626057 626065 626073 626081 626089
626097 626048 626056 626064 626072 626080 626088 626096 626170 626169
626168 641847 641798 641806 641814 641822 641830 641846 641854 641797
641805 641813 641821 641829 641837 641845 641853 641796 641804 641812
641820 641828 641836 641852 641795 641803 641811 641819 641827 641835
641851 641818 641826 641863 641871 641879 641887 641895 641903 641911
641919 641878 641886 641894 641902 641910 641918 641877 641885 641893
641901 641909 641917 641860 641868 641876 641884 641892 641900 641908
641916 641859 641867 641875 641883 641891 641899 641907 641915 641858
641866 641874 641882 641890 641898 641906 641914 641857 641865 641873
641881 641889 641897 641905 641913 641856 641864 641872 641880 641888
641896 641904 641912 641983 641974 641982 641925 641941 641949 641957
641965 641973 641981 641924 641932 641940 641948 641956 641964 641972
641980 641923 641931 641939 641947 641955 641963 641971 641979 641922
641930 641938 641946 641954 641962 641970 641978 641921 641929 641937
641945 641953 641961 641969 641977 641920 641928 641936 641944 641952
641960 641968 641976 642023 642031 642039 642047 642030 642038 642046
642055 642063 642071 642079 642087 642095 642103 642111 642054 642062
642070 642078 642086 642094 642102 642110 642053 642061 642069 642077
642085 642093 642101 642109 642052 642060 642068 642076 642084 642092
642100 642108 642051 642059 642067 642075 642083 642091 642099 642107
642050 642058 642066 642074 642082 642090 642098 642106 642049 642057
642065 642073 642081 642089 642097 642105 642048 642072 642080 642088
642096 642104 642311 642319 642327 642335 642343 642351 642310 642318
642326 642334 642342 642350 642358 642309 642317 642325 642333 642341
642349 642357 642365 642308 642316 642324 642332 642340 642348 642356
642364 642307 642315 642323 642331 642339 642347 642355 642363 642306
642314 642322 642330 642338 642346 642354 642362 642305 642313 642321
642329 642337 642345 642353 642361 642304 642312 642320 642328 642336
642344 642352 642360 642415 642423 642431 642406 642414 642422 642430
642405 642413 642421 642429 642396 642404 642412 642420 642428 642371
642403 642411 642419 642427 642370 642378 642410 642418 642426 642369
642377 642385 642393 642409 642417 642425 642368 642376 642384 642392
642424 642439 642463 642438 642462 642437 642461 642469 642436 642468
642467 642491 642466 642474 642482 642490 642481 642489 642480 642488
642519 642527 642535 642543 642551 642559 642518 642526 642534 642542
642550 642558 642517 642525 642533 642541 642549 642557 642508 642516
642524 642532 642540 642548 642556 642499 642507 642515 642523 642531
642539 642547 642555 642498 642506 642514 642522 642530 642538 642546
642554 642497 642505 642513 642521 642529 642537 642496 642504 642512
642520 642536 642544 642612 642620 642619 642577 642585 642593 642576
642584 642592 642600 642608 642702 642710 642734 642742 642701 642709
642717 642725 642733 642741 642724 642723 642722 642697 642705 642713
642721 642729 642823 642831 642822 642830 642838 642862 642821 642829
642837 642845 642853 642861 642869 642877 642844 642852 642860 642868
642876 642835 642843 642851 642859 642867 642875 642834 642842 642850
642858 642866 642874 642849 642857 642865 642873 642856 642864 642872
658215 658223 658231 658182 658190 658198 658181 658189 658180 658179
658247 658255 658263 658271 658279 658287 658295 658303 658246 658254
658262 658270 658278 658286 658294 658302 658245 658253 658261 658269
658277 658285 658293 658244 658252 658260 658268 658276 658284 658292
658243 658251 658259 658267 658275 658283 658291 658242 658250 658258
658266 658274 658282 658290 658241 658249 658257 658265 658273 658281
658289 658297 658240 658248 658256 658264 658272 658280 658288 658375
658383 658391 658399 658407 658415 658423 658431 658374 658382 658390
658398 658406 658414 658422 658373 658381 658389 658397 658405 658413
658372 658388 658396 658371 658370 658378 658386 658369 658368 658376
658384 658392 658400 658408 658416 658631 658639 658647 658655 658663
658679 658687 658630 658638 658646 658654 658678 658686 658629 658637
658645 658653 658669 658677 658685 658628 658636 658644 658652 658668
658676 658684 658627 658635 658643 658651 658667 658675 658683 658626
658634 658642 658650 658666 658674 658682 658625 658633 658641 658665
658673 658681 658624 658632 658640 658656 658664 658672 658680 658695
658703 658711 658719 658727 658735 658743 658751 658702 658710 658718
658726 658734 658742 658750 658701 658709 658717 658725 658733 658741
658749 658724 658732 658740 658748 658691 658699 658707 658731 658739
658747 658690 658698 658706 658714 658730 658738 658746 658689 658697
658705 658713 658737 658745 658688 658696 658704 658712 658720 658736
658744 658759 658767 658775 658758 658766 658774 658782 658757 658765
658773 658781 658756 658764 658772 658780 658755 658763 658771 658779
658754 658762 658770 658778 658786 658753 658761 658769 658777 658785
658793 658752 658760 658768 658776 658784 658792 658800 658808 658879
658870 658878 658837 658845 658861 658869 658877 658828 658836 658844
658868 658876 658819 658827 658835 658843 658851 658867 658875 658818
658826 658834 658842 658850 658866 658874 658817 658825 658833 658841
658865 658873 658816 658824 658832 658991 658999 659007 658990 658998
659006 658989 658997 659005 658948 658988 658996 659004 658947 658955
658995 659003 658954 658962 658970 659002 658961 658969 659058 659066
659057 659065 659238 659246 659254 659205 659213 659229 659237 659204
659212 659228 659236 659244 659203 659211 659219 659227 659235 659202
659218 659226 659234 659242 659250 659201 659241 659249 659257 674396
674404 674395 674403 674411 674695 674703 674711 674694 674702 674710
674693 674701 674709 674692 674700 674691 674699 674690 674698 674706
674714 674689 674697 674705 674713 674688 674696 674823 674831 674839
674822 674830 674838 674821 674829 674820 674819 674818 674834 674817
674825 674833 674816 674824 674887 674895 674886 674885 674884 674892
674883 674891 674899 674882 674898 674906 674914 674881 674880 674888
674951 674959 674950 674958 674966 674990 674949 674957 674981 674989
674997 674948 674956 674964 674972 674980 674988 674996 674947 674955
674963 674971 674979 674987 674995 674946 674954 674962 674970 674978
674994 674945 674953 674961 674969 674977 674944 674952 674960 675015
675023 675031 675039 675047 675055 675063 675071 675014 675022 675030
675038 675046 675054 675062 675070 675013 675021 675029 675037 675045
675053 675061 675069 675012 675020 675028 675036 675044 675052 675060
675068 675011 675019 675027 675035 675043 675051 675059 675067 675010
675018 675026 675034 675042 675050 675058 675066 675009 675017 675025
675033 675041 675049 675057 675008 675016 675024 675032 675040 675048
675159 675167 675175 675183 675191 675199 675158 675166 675174 675182
675190 675198 675149 675157 675165 675173 675181 675189 675197 675148
675156 675164 675172 675180 675188 675196 675147 675155 675163 675171
675179 675187 675195 675146 675154 675162 675170 675178 675186 675194
675137 675145 675153 675161 675169 675177 675185 675193 675136 675144
675152 675160 675168 675176 675184 675192 675287 675295 675303 675286
675294 675302 675293 675301 675309 675317 675325 675300 675308 675316
675324 675307 675315 675323 675298 675306 675314 675322 675289 675297
675305 675313 675321 675280 675288 675296 675304 675312 675320 675367
675375 675383 675391 675334 675342 675350 675358 675366 675374 675382
675390 675333 675341 675349 675357 675365 675373 675381 675389 675332
675340 675348 675356 675364 675372 675380 675388 675331 675339 675347
675355 675363 675371 675379 675387 675338 675346 675354 675362 675370
675378 675386 675345 675353 675344 675352 675360 675384 675431 675439
675447 675430 675438 675446 675454 675421 675429 675437 675445 675404
675412 675420 675428 675436 675444 675395 675403 675411 675419 675427
675435 675394 675402 675410 675418 675426 675434 675393 675401 675409
675417 675425 675433 675441 675449 675400 675408 675416 675424 675432
675440 675448 675498 675506 675514 675497 675505 675513 675488 675496
675504 675512 690823 690855 690846 690854 690837 690845 690853 690861
690828 690836 690844 690852 690860 690868 690827 690835 690843 690851
690859 690867 690875 690826 690834 690842 690850 690858 690866 690874
690833 690841 690857 690865 690873 690910 690918 690901 690909 690917
690892 690900 690908 690916 690924 690932 690940 690891 690899 690907
690915 690923 690931 690939 690882 690890 690898 690906 690914 690922
690930 690938 690881 690889 690913 690929 690937 690880 690888 690912
690928 690936 691287 691295 691303 691311 691319 691327 691302 691310
691326 691301 691309 691292 691300 691308 691316 691324 691283 691291
691299 691307 691315 691323 691282 691290 691298 691306 691314 691322
691289 691297 691305 691313 691321 691304 691312 691320 691342 691341
691380 691363 691371 691379 691354 691362 691370 691329 691337 691345
691353 691361 691385 691328 691336 691344 691352 691360 691368 691376
691384 691399 691407 691415 691423 691431 691398 691406 691414 691422
691397 691405 691413 691421 691396 691404 691412 691420 691436 691444
691395 691403 691411 691419 691427 691435 691394 691402 691410 691418
691426 691434 691393 691401 691409 691417 691425 691433 691392 691416
691424 691463 691471 691462 691470 691478 691461 691469 691477 691460
691468 691476 691484 691459 691467 691475 691483 691507 691458 691466
691474 691482 691490 691498 691506 691457 691465 691473 691481 691489
691497 691505 691456 691464 691472 691480 691488 691496 691504 691527
691535 691543 691551 691559 691567 691575 691583 691526 691534 691542
691550 691558 691566 691574 691582 691525 691533 691541 691549 691557
691565 691573 691581 691524 691532 691540 691548 691556 691564 691572
691580 691523 691531 691539 691547 691555 691563 691571 691579 691522
691546 691554 691562 691570 691578 691545 691553 691561 691569 691577
691520 691544 691552 691560 691568 691576 691591 691639 691647 691590
691598 691606 691614 691638 691646 691589 691597 691605 691613 691621
691629 691637 691645 691588 691596 691604 691612 691620 691628 691636
691644 691587 691595 691603 691611 691619 691627 691635 691643 691586
691594 691602 691610 691618 691626 691634 691642 691585 691593 691601
691609 691617 691625 691633 691641 691584 691592 691600 691608 691616
691624 691632 691640 691663 691671 691679 691687 691670 691678 691686
691702 691653 691677 691685 691693 691701 691709 691652 691676 691684
691692 691700 691708 691651 691659 691675 691683 691691 691699 691707
691650 691658 691674 691682 691690 691698 691706 691649 691673 691681
691689 691697 691705 691648 691688 691696 691704 691719 691727 691735
691743 691751 691759 691767 691775 691718 691726 691734 691742 691750
691758 691766 691774 691717 691725 691733 691741 691749 691757 691765
691773 691716 691724 691732 691740 691748 691756 691764 691772 691715
691723 691731 691739 691747 691755 691763 691771 691714 691722 691730
691738 691746 691754 691762 691770 691761 691769 691712 691720 691728
691736 691744 691791 691799 691807 691815 691790 691798 691806 691814
691789 691797 691805 691813 691788 691796 691804 691812 691779 691787
691795 691803 691811 691819 691827 691778 691786 691794 691802 691810
691818 691826 691777 691785 691793 691801 691809 691817 691825 691833
691776 691784 691792 691800 691808 691816 691824 691832 691863 691871
691879 691887 691895 691862 691870 691878 691886 691877 691866 691874
691898 691849 691857 691865 691873 691881 691889 691897 691848 691856
691864 691872 691907 691915 691914 691922 691930 691938 691954 691905
691913 691921 691929 691937 691945 691953 691912 691920 691928 691936
691944 691952 707215 707223 707231 707239 707247 707255 707222 707246
707254 707252 707203 707211 707219 707227 707235 707243 707251 707259
707202 707210 707218 707226 707234 707242 707250 707258 707201 707209
707217 707225 707233 707241 707249 707216 707224 707232 707240 707248
707270 707278 707286 707294 707302 707310 707318 707277 707285 707293
707268 707276 707284 707292 707300 707308 707316 707267 707275 707283
707291 707299 707307 707315 707266 707274 707282 707290 707298 707306
707314 707265 707273 707281 707289 707297 707305 707313 707272 707280
707288 707296 707304 707312 707406 707414 707422 707430 707438 707446
707454 707405 707413 707421 707429 707437 707445 707453 707396 707404
707412 707420 707428 707436 707444 707452 707403 707411 707419 707427
707435 707443 707451 707402 707410 707418 707426 707434 707442 707450
707409 707417 707433 707441 707449 707448 707463 707471 707479 707487
707495 707503 707511 707519 707470 707478 707486 707494 707502 707510
707518 707501 707509 707517 707468 707500 707508 707516 707467 707499
707507 707515 707514 707465 707473 707481 707489 707497 707505 707513
707456 707464 707472 707480 707488 707496 707504 707512 707527 707535
707543 707551 707559 707567 707575 707583 707526 707534 707542 707550
707558 707566 707574 707582 707525 707533 707541 707549 707557 707565
707573 707581 707532 707540 707548 707556 707564 707572 707580 707531
707539 707547 707555 707563 707571 707579 707546 707554 707562 707570
707578 707529 707537 707545 707577 707528 707536 707544 707552 707560
707576 707599 707607 707615 707623 707590 707598 707606 707614 707622
707630 707638 707646 707589 707597 707605 707613 707621 707629 707637
707645 707588 707596 707604 707612 707620 707628 707636 707644 707595
707603 707611 707619 707627 707635 707643 707586 707594 707602 707610
707618 707626 707634 707642 707593 707601 707609 707617 707625 707633
707641 707584 707592 707600 707608 707616 707624 707632 707640 707655
707687 707695 707703 707711 707654 707686 707694 707702 707710 707653
707661 707669 707677 707685 707693 707701 707709 707652 707660 707668
707676 707684 707692 707700 707651 707659 707699 707650 707658 707698
707649 707657 707665 707689 707697 707656 707664 707672 707722 707730
707738 707721 707729 707737 707745 707753 707712 707720 707728 707736
707744 707752 707760 707823 707903 707894 707902 707901 707900 707891
707899 707890 707898 707897 707896 707911 707919 707927 707935 707943
707951 707959 707967 707910 707918 707926 707934 707942 707950 707958
707966 707909 707917 707925 707933 707941 707949 707957 707965 707908
707916 707924 707932 707940 707948 707907 707906 707905 707975 707983
708015 708023 708031 707974 707982 708014 708022 708030 707973 707981
707989 707997 708013 708021 708029 707972 707980 707988 707996 708028
707971 707979 707987 707995 708003 708027 707970 707978 707986 707994
708002 708010 708018 708026 707969 707977 707985 707993 708001 708009
708017 708025 707968 707976 707984 707992 708000 708008 708016 708024
708036 708035 708034 708033 708080 708088 708103 708111 708119 708127
708102 708110 708118 708126 708134 708101 708109 708117 708125 708100
708108 708116 708124 708099 708115 708123 708131 708098 708114 708122
708130 708097 708105 708113 708121 708129 708104 708112 708120 708203
708211 708210 708160 708311 708330 708338 708313 708321 708329 708337
708312 708320 708328 708363 708371 708379 708387 708395 708403 708354
708362 708370 708378 708386 708394 708402 708410 708353 708361 708369
708377 708385 708393 708401 708409 708352 708360 708368 708376 708384
708392 708400 723783 723791 723799 723807 723815 723823 723831 723782
723790 723798 723806 723814 723822 723830 723838 723781 723789 723797
723805 723813 723821 723829 723837 723780 723788 723796 723804 723812
723820 723828 723836 723779 723787 723795 723803 723811 723819 723827
723835 723778 723786 723794 723802 723810 723818 723826 723834 723777
723785 723793 723801 723809 723817 723776 723784 723975 723974 723973
723989 723997 724005 724013 724021 724029 723972 723980 723988 723996
724004 724012 724020 724028 723971 723979 723987 723995 724003 724011
724019 724027 723970 723978 723986 723994 724002 724010 724018 724026
723969 723977 723985 723993 724001 724009 724017 724025 723968 723976
723984 723992 724000 724008 724016 724024 724039 724047 724055 724063
724071 724079 724038 724046 724054 724062 724070 724078 724086 724037
724045 724069 724077 724085 724093 724036 724044 724076 724084 724092
724035 724043 724059 724067 724075 724083 724091 724034 724042 724050
724058 724066 724074 724082 724090 724033 724041 724049 724057 724065
724073 724081 724089 724119 724127 724135 724118 724126 724134 724109
724117 724125 724133 724100 724108 724116 724124 724132 724112 724197
724188 724196 724163 724171 724179 724187 724195 724162 724170 724178
724186 724194 724202 724169 724177 724185 724193 724176 724184 724192
724200 724231 724239 724247 724255 724263 724271 724279 724230 724238
724246 724254 724262 724270 724278 724229 724237 724245 724253 724261
724269 724277 724244 724252 724260 724268 724276 724227 724235 724243
724251 724259 724267 724226 724234 724242 724250 724258 724266 724225
724233 724241 724249 724257 724265 724273 724281 724224 724248 724256
724264 724280 724295 724303 724311 724319 724327 724335 724343 724351
724294 724302 724310 724318 724326 724334 724342 724350 724293 724301
724309 724317 724325 724333 724341 724349 724316 724324 724332 724340
724348 724315 724347 724346 724345 724439 724447 724455 724463 724471
724479 724454 724462 724470 724478 724461 724469 724477 724476 724467
724475 724474 724416 724424 724432 724440 724448 724456 724464 724521
724529 724537 724496 724512 724520 724528 724536 724557 724556 724564
724572 724580 724596 724604 724571 724579 724595 724603 724578 724586
724594 724585 724631 724639 724622 724630 724654 724662 724670 724621
724629 724637 724645 724653 724661 724669 724619 724627 724635 724643
724651 724667 724626 724634 724642 724650 724658 724666 724625 724641
724649 724657 724665 724624 724648 724703 724711 724719 724686 724694
724702 724710 724718 724726 724734 724677 724685 724693 724701 724725
724733 724692 724732 724675 724683 724691 724731 724674 724682 724722
724730 724697 724705 724713 724721 724729 724696 724704 724712 724720
724827 724818 724826 724817 724825 724833 724841 724849 724857 739982
739990 739998 740006 739981 739989 739997 740005 740013 740021 739980
739988 739996 740004 740012 740020 740028 739979 739987 739995 740003
740011 740019 740027 739978 739986 739994 740002 740010 740018 740009
740017 740166 740174 740182 740190 740198 740206 740214 740222 740165
740173 740181 740189 740197 740205 740213 740221 740164 740172 740180
740188 740196 740204 740212 740220 740163 740171 740179 740187 740195
740203 740211 740219 740162 740170 740178 740186 740194 740202 740210
740218 740161 740169 740177 740185 740193 740201 740209 740217 740176
740184 740192 740200 740208 740216 740231 740239 740247 740279 740287
740230 740238 740246 740262 740270 740278 740286 740229 740237 740245
740269 740277 740285 740228 740236 740244 740252 740268 740276 740284
740227 740251 740267 740275 740283 740226 740266 740274 740282 740225
740233 740241 740265 740273 740281 740224 740232 740240 740248 740295
740303 740311 740327 740335 740343 740351 740294 740302 740310 740326
740334 740342 740350 740293 740301 740309 740325 740333 740341 740349
740292 740300 740308 740324 740332 740340 740348 740291 740299 740307
740323 740331 740339 740347 740290 740298 740306 740330 740338 740346
740289 740297 740305 740313 740329 740337 740345 740288 740296 740304
740312 740336 740344 740357 740373 740381 740389 740356 740364 740372
740380 740388 740396 740404 740412 740355 740363 740371 740379 740387
740395 740403 740411 740354 740362 740370 740378 740386 740394 740402
740353 740361 740385 740393 740401 740409 740352 740360 740368 740384
740392 740400 740408 740447 740479 740446 740421 740429 740437 740445
740453 740461 740420 740428 740436 740444 740452 740460 740468 740419
740427 740435 740443 740451 740459 740467 740475 740418 740426 740434
740442 740450 740458 740466 740474 740417 740425 740433 740441 740449
740457 740465 740473 740416 740424 740432 740440 740448 740456 740464
740472 740519 740527 740535 740543 740518 740526 740534 740542 740517
740525 740533 740541 740516 740524 740532 740540 740507 740515 740523
740531 740539 740522 740530 740538 740521 740529 740537 740520 740528
740536 740559 740567 740575 740583 740591 740599 740607 740574 740582
740590 740598 740606 740573 740581 740589 740597 740605 740572 740580
740588 740596 740604 740571 740579 740587 740595 740603 740570 740578
740586 740594 740602 740569 740577 740585 740593 740601 740576 740584
740592 740600 740615 740623 740631 740639 740647 740655 740663 740671
740622 740630 740638 740646 740654 740662 740670 740613 740621 740629
740637 740645 740653 740661 740669 740612 740620 740628 740636 740644
740652 740660 740668 740611 740619 740627 740635 740643 740651 740659
740667 740618 740626 740634 740642 740650 740658 740666 740617 740625
740633 740641 740649 740657 740665 740616 740624 740632 740640 740648
740656 740664 740679 740687 740695 740703 740711 740719 740727 740735
740678 740686 740694 740702 740710 740718 740726 740734 740677 740685
740693 740701 740709 740717 740725 740733 740676 740684 740692 740700
740708 740716 740724 740732 740675 740683 740691 740699 740707 740715
740723 740731 740674 740682 740690 740698 740714 740722 740730 740673
740681 740689 740697 740713 740721 740729 740672 740680 740688 740696
740728 740822 740846 740813 740821 740829 740845 740853 740804 740812
740820 740828 740844 740852 740803 740811 740819 740827 740835 740843
740802 740810 740818 740826 740834 740842 740850 740801 740809 740817
740825 740833 740841 740824 740832 740840 740892 740900 740883 740891
740899 740907 740890 740898 740941 740932 740940 740948 740931 740939
740947 740938 741006 741014 741046 741054 740997 741005 741013 741021
741029 741037 741045 741004 741012 741020 741028 741036 741044 740995
741003 741011 741019 741027 741035 741043 740994 741002 741010 741018
740993 741001 741009 741017 756551 756559 756550 756558 756549 756557
756565 756573 756548 756556 756564 756547 756555 756563 756546 756554
756562 756570 756545 756553 756561 756544 756615 756623 756614 756622
756613 756621 756612 756620 756628 756636 756611 756619 756627 756635
756610 756618 756634 756609 756617 756679 756678 756686 756694 756702
756677 756676 756700 756675 756683 756691 756699 756674 756682 756690
756673 756681 756689 756697 756672 756680 756696 756791 756799 756782
756790 756798 756773 756781 756789 756797 756772 756780 756788 756796
756807 756815 756823 756831 756839 756847 756855 756863 756822 756830
756846 756854 756862 756845 756853 756861 756844 756852 756860 756843
756851 756859 756802 756810 756850 756858 756801 756809 756849 756857
756800 756848 756856 756935 756943 756967 756975 756983 756991 756934
756942 756950 756958 756966 756974 756982 756990 756933 756941 756949
756957 756965 756973 756981 756989 756932 756940 756948 756956 756964
756972 756980 756988 756931 756939 756947 756955 756963 756971 756979
756987 756930 756938 756946 756954 756962 756970 756978 756986 756929
756937 756945 756953 756961 756969 756977 756985 756928 756936 756944
756952 756960 756968 756976 756984 757455 757463 757471 757479 757487
757495 757503 757446 757454 757462 757470 757478 757486 757494 757502
757445 757453 757461 757469 757477 757485 757493 757501 757444 757452
757460 757468 757476 757484 757492 757500 757443 757451 757459 757467
757475 757483 757491 757499 757442 757450 757458 757466 757474 757482
757490 757498 757441 757449 757457 757465 757473 757481 757489 757497
757440 757448 757456 757464 757472 757480 757488 757496 757591 757599
757607 757615 757623 757631 757590 757598 757606 757614 757622 757630
757573 757581 757589 757597 757605 757613 757621 757629 757572 757580
757588 757596 757604 757612 757620 757628 757571 757579 757587 757595
757603 757611 757619 757627 757570 757578 757586 757594 757602 757610
757618 757626 757569 757577 757585 757593 757601 757609 757617 757625
757568 757576 757584 757592 757600 757608 757616 757624 773191 773199
773207 773215 773223 773231 773190 773198 773206 773189 773197 773205
773213 773188 773196 773204 773212 773187 773195 773203 773211 773186
773194 773202 773185 773193 773184 773192 773255 773263 773271 773279
773287 773295 773303 773311 773254 773262 773270 773278 773286 773294
773302 773310 773253 773261 773269 773277 773285 773293 773309 773252
773260 773268 773276 773284 773292 773251 773259 773267 773275 773250
773258 773266 773274 773249 773257 773265 773273 773248 773256 773264
773272 773280 773288 773959 773967 773983 773991 773999 774007 774015
773958 773966 773974 773982 773990 773998 774006 774014 773957 773965
773973 773981 773989 773997 774005 774013 773956 773964 773972 773980
773988 773996 774004 774012 773955 773963 773971 773979 773987 773995
774003 774011 773954 773962 773970 773978 773986 773994 774002 774010
773953 773961 773969 773977 773985 773993 774001 774009 773952 773960
773968 773976 773984 773992 774000 774008 789615 789614 789605 789613
789596 789604 789612 789620 789587 789595 789603 789611 789619 789594
789602 789610 789618 789593 789601 789609 789639 789647 789655 789663
789671 789679 789687 789695 789638 789646 789654 789662 789670 789678
789686 789694 789637 789645 789653 789661 789669 789677 789685 789693
789644 789652 789660 789668 789676 789684 789692 789643 789651 789659
789667 789675 789683 789691 789642 789650 789658 789666 789674 789682
789690 789641 789649 789657 789665 789673 789681 789689 789632 789640
789672 789680 789688 790343 790351 790359 790367 790375 790383 790399
790342 790350 790358 790366 790374 790382 790390 790398 790341 790349
790357 790365 790373 790381 790389 790397 790340 790348 790356 790364
790372 790380 790388 790396 790339 790347 790355 790363 790371 790379
790387 790395 790338 790346 790354 790362 790370 790378 790386 790394
790337 790345 790353 790361 790369 790377 790385 790393 790336 790344
790352 790360 790368 790376 790384 790392 805583 805591 805599 805607
805615 805623 805631 805574 805582 805590 805598 805606 805614 805622
805630 805573 805581 805589 805597 805605 805613 805621 805629 805572
805580 805588 805596 805604 805612 805620 805628 805579 805587 805595
805603 805611 805619 805627 805578 805586 805594 805602 805610 805618
805626 805577 805585 805593 805601 805609 805617 805625 805576 805584
805592 805600 805608 805616 805624 805639 805647 805655 805663 805671
805679 805687 805695 805638 805646 805654 805662 805670 805678 805686
805694 805653 805661 805669 805677 805685 805693 805652 805660 805668
805676 805684 805692 805635 805643 805651 805659 805667 805675 805683
805691 805634 805642 805650 805658 805666 805674 805682 805690 805641
805649 805657 805665 805673 805681 805689 805648 805656 805664 805672
805680 805688 805767 805775 805783 805791 805799 805807 805815 805823
805766 805774 805782 805790 805798 805806 805814 805822 805765 805773
805781 805789 805797 805805 805813 805821 805772 805780 805788 805796
805804 805812 805820 805763 805771 805779 805787 805795 805803 805811
805819 805762 805770 805778 805786 805794 805802 805810 805818 805769
805777 805785 805793 805801 805809 805817 805768 805776 805784 805792
805800 805808 805816 805871 805879 805887 805846 805854 805862 805870
805878 805886 805837 805845 805853 805861 805869 805877 805885 805836
805844 805852 805860 805868 805876 805884 805835 805843 805851 805859
805867 805875 805883 805842 805850 805858 805866 805874 805882 805841
805849 805857 805865 805873 805881 805824 805832 805840 805848 805856
805864 805872 805880 805959 805967 805975 805983 805991 805999 806007
806015 805958 805966 805974 805982 805990 805998 806006 806014 805957
805965 805973 805981 805989 805997 806005 806013 805956 805964 805972
805980 805988 805996 806004 806012 805955 805963 805971 805979 805987
805995 806003 806011 805954 805962 805970 805978 805986 805994 806002
806010 805953 805961 805969 805977 805985 805993 806001 806009 805960
805984 805992 806000 806008 806663 806671 806679 806687 806695 806703
806711 806719 806662 806670 806678 806686 806694 806702 806710 806718
806661 806669 806677 806685 806693 806701 806709 806717 806660 806668
806676 806684 806692 806700 806708 806716 806659 806667 806675 806683
806691 806699 806707 806715 806658 806666 806674 806682 806690 806698
806706 806714 806657 806665 806673 806681 806689 806705 806713 806656
806664 806672 806680 806688 806704 806712 821959 821967 821975 821983
821991 821999 822007 822015 821958 821957 821956 821955 821954 821953
821952 822278 822286 822294 822302 822318 822326 822334 822277 822285
822293 822301 822309 822317 822325 822333 822276 822284 822292 822300
822308 822316 822324 822332 822275 822283 822291 822299 822307 822315
822323 822331 822274 822282 822290 822298 822306 822314 822322 822330
822273 822281 822289 822297 822305 822313 822321 822329 822272 822280
822288 822296 822304 822312 822320 822328 822343 822351 822359 822367
822375 822383 822391 822342 822350 822358 822366 822374 822382 822341
822349 822357 822365 822373 822381 822397 822340 822348 822356 822364
822372 822380 822396 822339 822347 822355 822363 822371 822379 822395
822338 822346 822354 822362 822370 822378 822394 822337 822345 822353
822361 822369 822377 822336 822344 822352 822368 822376 822791 822799
822807 822815 822823 822831 822839 822847 822790 822798 822806 822814
822822 822830 822838 822846 822789 822797 822805 822821 822829 822837
822845 822788 822796 822804 822812 822820 822828 822836 822844 822787
822795 822803 822811 822819 822827 822835 822843 822786 822794 822802
822810 822818 822826 822834 822842 822785 822793 822801 822809 822817
822825 822833 822841 822784 822792 822800 822808 822816 822824 822832
822840 822983 822991 822999 823007 823015 823023 823031 823039 822982
822990 822998 823006 823014 823022 823030 823038 822981 822989 822997
823013 823021 823029 823037 822980 822988 822996 823004 823012 823020
823028 823036 822979 822987 822995 823003 823011 823019 823027 823035
822978 822986 822994 823002 823010 823018 823026 823034 822977 822985
822993 823001 823009 823017 823025 823033 822976 822984 822992 823000
823008 823016 823024 823032 838343 838351 838359 838367 838375 838383
838391 838399 838350 838358 838366 838374 838382 838390 838398 838349
838357 838365 838373 838381 838389 838397 838340 838348 838356 838364
838372 838380 838388 838396 838339 838347 838355 838363 838371 838379
838387 838395 838346 838354 838370 838378 838386 838394 838345 838353
838361 838369 838377 838385 838393 838344 838352 838360 838368 838376
838384 838392 838407 838415 838423 838431 838439 838447 838455 838463
838406 838414 838422 838430 838438 838446 838454 838462 838405 838429
838437 838445 838453 838461 838404 838412 838428 838436 838444 838452
838460 838403 838411 838427 838435 838443 838451 838459 838402 838410
838418 838426 838434 838442 838450 838458 838401 838409 838417 838425
838433 838441 838449 838457 838400 838408 838416 838424 838432 838440
838448 838456 838662 838670 838678 838694 838702 838718 838661 838669
838677 838685 838693 838701 838717 838660 838668 838676 838684 838692
838700 838708 838716 838659 838667 838675 838683 838691 838699 838707
838715 838658 838666 838674 838682 838690 838698 838706 838714 838657
838665 838673 838681 838689 838697 838705 838713 838656 838664 838672
838680 838688 838696 838704 838712 838727 838735 838743 838751 838759
838767 838775 838783 838726 838734 838742 838750 838758 838766 838774
838782 838725 838733 838741 838749 838757 838765 838773 838781 838724
838732 838740 838748 838756 838764 838772 838780 838723 838731 838739
838747 838755 838763 838771 838779 838722 838730 838738 838746 838754
838762 838770 838778 838721 838729 838737 838745 838753 838761 838769
838777 838728 838736 838744 838752 838760 838768 838776 839431 839439
839447 839455 839463 839471 839479 839487 839430 839438 839446 839454
839462 839470 839478 839486 839429 839437 839445 839453 839461 839469
839477 839485 839428 839436 839444 839452 839460 839468 839476 839484
839427 839435 839443 839451 839459 839467 839475 839483 839426 839434
839442 839450 839458 839482 839425 839433 839441 839449 839457 839465
839473 839481 839424 839432 839440 839448 839456 839464 839472 839480
839495 839503 839494 839502 839510 839518 839534 839493 839501 839509
839517 839525 839533 839541 839492 839500 839508 839516 839524 839532
839540 839491 839499 839507 839515 839523 839531 839539 839490 839498
839506 839514 839522 839530 839538 839489 839497 839505 839513 839521
839529 839537 839545 839488 839496 839504 839512 839520 839528 839536
839544 854791 854799 854807 854815 854823 854831 854839 854847 854790
854798 854806 854814 854822 854830 854838 854846 854789 854797 854805
854813 854821 854829 854837 854845 854788 854796 854804 854836 854844
854787 854795 854803 854835 854843 854786 854794 854802 854834 854842
854785 854793 854801 854809 854817 854825 854833 854841 854784 854792
854800 854808 854816 854824 854832 854840 854919 854927 854935 854943
854951 854967 854975 854918 854934 854942 854950 854974 854933 854941
854949 854957 854965 854973 854932 854940 854948 854956 854964 854972
854923 854931 854939 854947 854955 854963 854971 854914 854922 854930
854938 854946 854954 854962 854970 854913 854921 854929 854937 854945
854953 854961 854969 854912 854920 854928 854936 854944 854952 854960
854968 854983 854991 854999 855007 855031 855039 854982 854990 854998
855006 855014 855030 855038 854981 854989 854997 855005 855013 855037
854980 854988 854996 855004 855012 855020 855036 854979 854987 854995
855003 855011 855019 854978 854986 854994 855002 855010 855034 854977
854985 854993 855001 855025 855033 854976 854984 854992 855000 855024
855032 855047 855055 855063 855103 855046 855054 855062 855086 855094
855102 855045 855053 855061 855077 855085 855093 855101 855044 855052
855076 855084 855092 855100 855043 855051 855075 855083 855091 855099
855042 855050 855058 855090 855098 855041 855049 855057 855065 855073
855097 855040 855048 855056 855064 855096 855111 855119 855127 855135
855143 855151 855159 855167 855110 855118 855126 855134 855142 855150
855158 855166 855109 855117 855125 855133 855141 855149 855157 855165
855108 855116 855124 855132 855140 855148 855156 855164 855107 855115
855123 855131 855139 855147 855155 855163 855106 855114 855122 855138
855146 855154 855162 855105 855113 855121 855145 855153 855161 855104
855112 855120 855128 855144 855152 855160 855239 855247 855255 855263
855271 855279 855238 855246 855254 855262 855270 855278 855237 855245
855253 855261 855269 855277 855236 855244 855252 855260 855268 855276
855284 855235 855243 855251 855259 855267 855275 855283 855234 855242
855250 855258 855266 855274 855282 855290 855233 855241 855249 855257
855265 855273 855281 855289 855232 855240 855248 855256 855264 855272
855280 855288 855303 855311 855319 855327 855335 855343 855351 855359
855302 855310 855318 855326 855334 855342 855350 855301 855309 855317
855325 855333 855341 855349 855300 855308 855316 855324 855332 855340
855299 855307 855315 855323 855331 855298 855306 855314 855322 855330
855297 855305 855313 855321 855329 855296 855304 855312 855320 855328
855367 855375 855383 855391 855366 855374 855382 855390 855398 855406
855414 855422 855365 855373 855381 855389 855397 855405 855413 855421
855364 855372 855380 855388 855396 855404 855412 855420 855363 855371
855379 855387 855395 855403 855411 855419 855362 855370 855378 855386
855394 855402 855410 855418 855361 855369 855377 855385 855393 855401
855409 855417 855360 855368 855376 855384 855392 855400 855408 855416
855431 855430 855429 855445 855453 855461 855469 855485 855428 855444
855452 855460 855468 855476 855484 855427 855435 855443 855451 855459
855467 855475 855483 855426 855434 855442 855450 855458 855466 855474
855482 855425 855424 855495 855503 855511 855519 855535 855543 855551
855494 855502 855510 855518 855526 855534 855542 855550 855493 855501
855509 855517 855525 855533 855541 855549 855492 855500 855508 855516
855524 855532 855540 855548 855491 855499 855507 855515 855523 855531
855539 855547 855490 855498 855506 855514 855522 855530 855538 855489
855497 855505 855513 855521 855529 855537 855488 855520 855528 855559
855567 855575 855583 855591 855599 855607 855615 855558 855566 855574
855582 855590 855598 855557 855565 855573 855556 855564 855588 855596
855555 855563 855587 855595 855603 855554 855562 855570 855578 855586
855594 855602 855553 855561 855569 855577 855585 855593 855601 855609
855552 855560 855568 855576 855584 855600 855608 855623 855631 855639
855647 855655 855622 855630 855638 855646 855654 855662 855670 855621
855629 855637 855645 855653 855661 855669 855620 855628 855636 855644
855652 855660 855668 855676 855619 855627 855635 855643 855651 855659
855667 855618 855626 855634 855642 855650 855658 855666 855617 855625
855633 855641 855649 855657 855665 855616 855624 855632 855640 855648
855656 855664 855672 855687 855695 855703 855711 855686 855694 855702
855710 855718 855726 855685 855693 855701 855709 855717 855725 855733
855741 855684 855692 855700 855708 855716 855724 855732 855740 855683
855691 855699 855707 855715 855723 855731 855739 855682 855690 855698
855706 855714 855722 855730 855738 855681 855689 855697 855705 855713
855721 855729 855737 855680 855688 855696 855704 855712 855720 855751
855759 855767 855750 855758 855766 855774 855749 855757 855765 855773
855748 855756 855764 855772 855780 855747 855755 855763 855771 855779
855787 855746 855754 855762 855770 855745 855753 855761 855769 855744
855752 855760 855768 855815 855823 855831 855839 855847 855855 855863
855814 855822 855830 855838 855846 855854 855862 855870 855813 855821
855829 855837 855845 855853 855861 855869 855812 855820 855828 855836
855844 855852 855860 855868 855811 855819 855827 855835 855810 855818
855826 855809 855817 855825 855808 855816 855824 855832 855911 855927
855894 855902 855910 855918 855926 855893 855901 855909 855917 855925
855933 855884 855892 855900 855908 855916 855924 855932 855875 855883
855891 855899 855907 855915 855923 855931 855882 855890 855898 855906
855914 855922 855930 855881 855889 855897 855905 855913 855921 855872
855880 855888 855904 855912 855920 871495 871493 871501 871509 871492
871515 871523 871498 871506 871514 871522 871530 871489 871497 871505
871513 871521 871529 871537 871545 871488 871496 871504 871512 871520
871528 871536 871544 871559 871591 871599 871607 871615 871558 871590
871606 871614 871557 871589 871613 871556 871564 871612 871555 871563
871587 871611 871554 871562 871586 871594 871610 871553 871585 871593
871601 871609 871552 871631 871639 871647 871655 871663 871671 871679
871646 871654 871662 871670 871678 871645 871653 871661 871669 871677
871644 871652 871643 871651 871659 871642 871650 871658 871641 871649
871657 871616 871648 871656 871664 871695 871703 871711 871719 871727
871735 871743 871702 871710 871718 871726 871734 871742 871693 871701
871709 871717 871725 871733 871741 871692 871700 871708 871716 871724
871732 871740 871691 871699 871707 871715 871723 871731 871739 871698
871706 871714 871722 871730 871738 871705 871713 871729 871688 871696
871704 871712 871775 871783 871791 871766 871774 871782 871790 871765
871773 871781 871789 871764 871772 871780 871804 871763 871771 871779
871795 871803 871762 871770 871753 871761 871769 871777 871785 871793
871801 871752 871760 871768 871776 871784 871792 871800 871831 871839
871847 871855 871863 871871 871830 871838 871846 871854 871862 871870
871837 871845 871853 871861 871869 871820 871844 871852 871860 871868
871811 871819 871851 871859 871867 871818 871826 871850 871858 871866
871817 871841 871849 871857 871865 871832 871840 871848 871856 871864
871894 871902 871910 871918 871926 871893 871901 871909 871917 871925
871892 871900 871908 871916 871924 871891 871899 871907 871915 871923
871890 871898 871906 871914 871922 871905 871888 871896 871904 871912
871920 871928 887815 887823 887831 887814 887822 887830 887838 887813
887821 887829 887837 887845 887853 887812 887820 887828 887836 887844
887852 887860 887811 887819 887827 887835 887843 887851 887859 887810
887818 887826 887834 887842 887850 887858 887809 887817 887825 887833
887849 887857 887808 887848 887856 887864 887903 887911 887919 887927
887935 887902 887910 887918 887926 887934 887933 887872 887880 887942
887958 887966 887974 887982 887990 887998 887941 887965 887973 887981
887989 887997 887940 887956 887964 887972 887980 887988 887996 887939
887955 887963 887971 887979 887987 887995 887938 887954 887962 887970
887978 887986 887994 887953 887961 887969 887977 887985 887993 887952
887960 887968 887976 887984 887992 888007 888015 888023 888022 888030
888046 888054 888062 888013 888021 888029 888053 888012 888020 888028
888036 888044 888052 888011 888019 888027 888035 888043 888051 888059
888010 888018 888026 888034 888042 888050 888058 888009 888017 888025
888033 888041 888049 888008 888016 888024 888032 888040 888048 888071
888079 888087 888095 888103 888111 888119 888127 888070 888078 888086
888094 888102 888110 888118 888126 888069 888077 888085 888093 888101
888109 888117 888068 888076 888084 888092 888100 888108 888067 888075
888083 888091 888099 888066 888074 888082 888090 888098 888106 888114
888065 888097 888096 888104 888143 888151 888159 888167 888175 888150
888158 888174 888182 888190 888133 888141 888149 888173 888181 888189
888132 888140 888148 888131 888139 888147 888163 888171 888130 888138
888162 888186 888129 888137 888161 888169 888177 888185 888128 888136
888144 888152 888160 888168 888176 888184 888199 888207 888215 888231
888239 888247 888255 888198 888238 888246 888254 888197 888229 888237
888245 888196 888220 888228 888236 888195 888227 888235 888243 888194
888202 888210 888218 888226 888234 888193 888209 888217 888225 888200
888208 888216 888263 888262 888270 888302 888310 888261 888269 888277
888276 888259 888267 888275 888283 888291 888299 888307 888315 888258
888266 888290 888298 888306 888314 888257 888265 888273 888289 888297
888305 888313 888256 888264 888272 888280 888288 888296 888304 888312
904263 904271 904279 904287 904295 904303 904311 904319 904262 904270
904278 904286 904294 904302 904310 904318 904261 904269 904277 904293
904301 904309 904343 904351 904359 904367 904375 904383 904326 904342
904350 904358 904366 904374 904382 904325 904333 904341 904349 904357
904365 904373 904381 904324 904332 904340 904348 904356 904364 904372
904380 904323 904331 904339 904347 904355 904363 904371 904379 904322
904330 904338 904346 904354 904362 904370 904378 904321 904329 904337
904345 904353 904361 904369 904377 904320 904328 904336 904344 904352
904360 904368 904376 904406 904414 904422 904430 904438 904446 904405
904413 904421 904429 904437 904396 904404 904412 904420 904428 904436
904444 904395 904403 904411 904419 904427 904435 904443 904402 904410
904418 904426 904434 904442 904401 904409 904417 904425 904433 904441
904392 904400 904408 904416 904424 904432 904440 904518 904517 904525
904563 904554 904562 904570 904553 904561 904569 904512 904552 904560
904568 904583 904591 904607 904582 904590 904598 904606 904614 904622
904630 904581 904589 904597 904605 904613 904629 904637 904580 904588
904596 904612 904636 904579 904611 904619 904627 904635 904578 904586
904602 904610 904618 904626 904634 904577 904585 904593 904601 904609
904625 904633 904652 904684 904692 904643 904651 904667 904683 904691
904642 904650 904666 904682 904690 904641 904649 904657 904665 904673
904681 904689 904697 904640 904648 904656 904664 904672 904680 904688
904696 920655 920663 920671 920679 920687 920695 920654 920662 920670
920678 920686 920694 920751 920759 920750 920758 920749 920748 920747
920722 920730 920738 920746 920713 920721 920729 920737 920745 920712
920720 920728 920736 920744 920752 920821 920820 920819 920786 920794
920810 920818 920777 920785 920793 920817 920776 920784 920792 920800
920808 920816 920844 920852 920860 920868 920876 920843 920842 920841
920911 920935 920910 920934 920942 920950 920958 920925 920933 920941
920949 920908 920924 920932 920940 920948 920899 920907 920915 920923
920947 920898 920906 920914 920922 920930 920953 920967 920999 920966
920974 920982 920990 920998 921006 921014 921022 920965 920973 920981
920989 920997 921005 921013 921021 920964 920972 920980 920988 920996
921004 921012 921020 920963 920971 920979 920987 920995 921003 921011
921019 920962 920970 920978 920986 920994 921002 921010 921018 920961
920969 920977 920985 920993 921001 921009 921017 920960 920968 920992
921008 921026 921034 921082 921025 921033 921041 921049 921057 921065
921073 921081 921024 921032 921040 921048 921056 921064 921072 921080
936871 936879 936887 936838 936846 936870 936837 936845 936869 936844
936860 936868 936876 936884 936843 936851 936859 936867 936875 936883
936858 936866 936874 936857 936942 936950 936909 936917 936941 936949
936957 936908 936916 936932 936940 936948 936956 936907 936915 936931
936939 936947 936955 936906 936914 936922 936930 936938 936946 936954
936905 936913 936921 936929 936937 936945 936953 936896 936904 936912
936920 936928 936936 936944 936952 937071 937079 937070 937078 937086
937069 937077 937103 937111 937102 937126 937134 937142 937101 937133
937141 937140 937148 937091 937147 937090 937098 937106 937114 937146
937089 937145 937136 937144 937167 937175 937183 937191 937199 937207
937215 937166 937174 937182 937190 937198 937206 937214 937165 937173
937181 937189 937197 937205 937213 937156 937164 937172 937180 937188
937196 937204 937212 937155 937163 937171 937179 937187 937195 937203
937211 937154 937210 937153 937152 937160 937168 937247 937255 937263
937246 937254 937262 937278 937245 937253 937261 937269 937277 937252
937260 937268 937276 937251 937259 937267 937275 937242 937250 937258
937266 937274 937241 937249 937257 937265 937273 937240 937248 937256
937264 937272 937287 937295 937303 937311 937319 937327 937335 937343
937286 937294 937302 937310 937318 937326 937334 937293 937301 937309
937317 937325 937333 937291 937299 937307 937315 937282 937290 937298
937306 937314 937330 937281 937289 937297 937305 937313 937329 937280
937288 937296 937304 937312 937320 937328 937351 937359 937367 937350
937358 937366 937374 937349 937357 937365 937373 937381 937348 937356
937364 937372 937380 937347 937355 937363 937371 937379 937346 937354
937362 937370 937378 937386 937394 937345 937353 937361 937369 937377
937385 937393 937344 937352 937360 937368 937376 937384 937392 937400
937409 937417 937425 937408 937416 937567 937575 937583 937574 937631
937639 937630 937638 937621 937629 937637 937620 937628 937636 937627
937626 937625 937633 937632 937687 937703 937711 937719 937727 937686
937702 937710 937718 937726 937685 937701 937709 937717 937700 937716
937724 937683 937691 937699 937723 937682 937690 937681 937680 937688
937791 937750 937790 937741 937749 937757 937765 937781 937789 937740
937748 937756 937764 937772 937780 937788 937747 937755 937763 937771
937779 937787 937746 937754 937762 937770 937778 937786 937737 937745
937753 937761 937769 937777 937785 937744 937752 937760 937768 937776
937784 953223 953231 953239 953247 953255 953263 953271 953279 953222
953230 953238 953246 953254 953262 953270 953278 953229 953237 953245
953253 953269 953277 953220 953228 953236 953244 953219 953227 953235
953243 953226 953234 953242 953217 953225 953233 953241 953249 953257
953265 953273 953216 953224 953232 953240 953248 953256 953264 953272
953302 953310 953318 953326 953342 953285 953293 953301 953309 953317
953341 953284 953292 953300 953308 953316 953283 953291 953299 953307
953282 953290 953298 953330 953338 953281 953289 953297 953305 953313
953321 953329 953337 953280 953288 953296 953304 953312 953320 953328
953336 953474 953473 953481 953472 953543 953551 953559 953567 953575
953583 953591 953542 953550 953558 953566 953574 953582 953590 953541
953549 953557 953565 953573 953581 953540 953548 953556 953564 953572
953580 953539 953579 953538 953546 953578 953545 953553 953569 953577
953568 953607 953615 953623 953631 953639 953647 953655 953606 953614
953622 953630 953638 953646 953654 953605 953613 953621 953629 953637
953645 953653 953611 953619 953643 953651 953610 953618 953642 953650
953601 953609 953617 953641 953649 953657 953600 953608 953616 953624
953632 953640 953648 953656 953706 953689 953697 953705 953713 953664
953672 953680 953688 953696 953704 953712 954015 954023 954031 954039
954014 954005 954013 953996 954004 954012 954003 954011 954019 954027
954010 954055 954071 954079 954110 954077 954109 954052 954060 954068
954076 954084 954092 954108 954067 954075 954083 954091 954099 954107
954098 954106 954081 954089 954097 954105 954080 954088 954096 954104
954119 954127 954118 954126 954134 954117 954116 954115 954123 954114
954113 954145 954153 954112 954120 954128 954136 954144 969494 969518
969526 969485 969493 969501 969509 969517 969525 969533 969484 969492
969524 969483 969491 969523 969531 969474 969482 969490 969498 969506
969522 969530 969473 969489 969497 969505 969607 969615 969623 969655
969663 969606 969614 969622 969654 969662 969605 969613 969621 969601
969609 969617 969600 969608 969616 969719 969702 969718 969726 969669
969677 969668 969676 969684 969692 969700 969667 969675 969683 969691
969699 969707 969715 969666 969674 969682 969690 969698 969706 969714
969722 969665 969673 969681 969713 969721 969664 969672 969680 969712
969720 970214 970205 970213 970221 970188 970196 970204 970212 970220
970187 970195 970203 970211 970219 970227 970202 970193 970201 970209
970217 970192 970208 970383 970391 970399 970407 970415 970382 970390
970398 970381 970397 970380 970437 970445 970453 970444 970452 970475
970434 970474 970433 970465 970473 970432 970440 970448 970456 970464
970472 970480 985991 985999 985990 985989 986050 986049 986048 986056
